1426
5362
763
7514
1782
8749
2797
4586
3274
8073
9214
1143
7953
3974
4582
6544
8847
3354
5690
287
1524
5894
75
4948
821
1395
8136
9696
332
590
9667
9456
198
8382
7857
5796
8186
4766
5291
6443
6506
3899
7890
5661
1522
5339
4047
4165
4669
2536
8856
8376
6390
2984
799
8662
2556
8266
2308
8572
127
3055
4027
7716
5255
2387
3240
5978
197
4247
1511
9931
6192
1004
8184
3356
4737
3581
855
1284
4891
6873
5530
4295
9441
4956
9875
7216
476
4394
8373
4283
5636
7559
5460
812
3579
3046
6133
4831
